0.0005036630036630019	0.9966825887680157
0.0005036630036630019	0.8962952353341799
0.0005036630036630019	0.7982424715150844
0.0005036630036630019	0.6978551180812486
0.0005036630036630019	0.5998023542621531
0.0005036630036630019	0.49941500082831725
0.0005036630036630019	0.4013622370092218
0.0005036630036630019	0.3009748835753858
0.0005036630036630019	0.20058753014155006
0.0005036630036630019	0.10253476632245451
0.0005036630036630019	0.0021474128886187493
0.025009157509157512	0.9453831888379625
0.025009157509157512	0.8473304250188671
0.025009157509157512	0.7469430715850313
0.025009157509157512	0.6488903077659358
0.025009157509157512	0.5485029543321
0.025009157509157512	0.4504501905130045
0.025009157509157512	0.3500628370791685
0.025009157509157512	0.2520100732600732
0.025009157509157512	0.1516227198262372
0.025009157509157512	0.05356995600714187
0.04951465201465201	0.9968057319564856
0.04951465201465201	0.8964183785226496
0.04951465201465201	0.7983656147035542
0.04951465201465201	0.6979782612697183
0.04951465201465201	0.5999254974506228
0.04951465201465201	0.499538144016787
0.04951465201465201	0.40148538019769164
0.04951465201465201	0.30109802676385566
0.04951465201465201	0.2007106733300199
0.04951465201465201	0.10265790951092435
0.04951465201465201	0.0022705560770885924
0.07402014652014652	0.9455063320264323
0.07402014652014652	0.8474535682073369
0.07402014652014652	0.747066214773501
0.07402014652014652	0.6490134509544055
0.07402014652014652	0.5486260975205697
0.07402014652014652	0.45057333370147423
0.07402014652014652	0.35018598026763836
0.07402014652014652	0.25213321644854303
0.07402014652014652	0.15174586301470705
0.07402014652014652	0.053693099195611715
0.10056776556776557	0.9969340061111416
0.10056776556776557	0.8965466526773057
0.10056776556776557	0.7984938888582103
0.10056776556776557	0.6981065354243744
0.10056776556776557	0.600053771605279
0.10056776556776557	0.4996664181714431
0.10056776556776557	0.40161365435234786
0.10056776556776557	0.3012263009185119
0.10056776556776557	0.20083894748467612
0.10056776556776557	0.10278618366558057
0.10056776556776557	0.0023988302317448085
0.12507326007326008	0.9456346061810883
0.12507326007326008	0.847581842361993
0.12507326007326008	0.7471944889281571
0.12507326007326008	0.6491417251090617
0.12507326007326008	0.5487543716752258
0.12507326007326008	0.45070160785613034
0.12507326007326008	0.3503142544222946
0.12507326007326008	0.25226149060319925
0.12507326007326008	0.15187413716936327
0.12507326007326008	0.05382137335026793
0.14957875457875458	0.9970571492996114
0.14957875457875458	0.8966697958657756
0.14957875457875458	0.7986170320466801
0.14957875457875458	0.6982296786128442
0.14957875457875458	0.6001769147937488
0.14957875457875458	0.4997895613599129
0.14957875457875458	0.4017367975408175
0.14957875457875458	0.3013494441069815
0.14957875457875458	0.20096209067314574
0.14957875457875458	0.10290932685405019
0.14957875457875458	0.0025219734202144295
0.17408424908424908	0.9457577493695581
0.17408424908424908	0.8477049855504628
0.17408424908424908	0.7473176321166269
0.17408424908424908	0.6492648682975315
0.17408424908424908	0.5488775148636956
0.17408424908424908	0.4508247510446002
0.17408424908424908	0.3504373976107642
0.17408424908424908	0.25238463379166887
0.17408424908424908	0.1519972803578329
0.17408424908424908	0.05394451653873755
0.20063186813186812	0.9971854234542674
0.20063186813186812	0.8967980700204317
0.20063186813186812	0.7987453062013362
0.20063186813186812	0.6983579527675003
0.20063186813186812	0.6003051889484049
0.20063186813186812	0.49991783551456903
0.20063186813186812	0.4018650716954737
0.20063186813186812	0.3014777182616377
0.20063186813186812	0.20109036482780196
0.20063186813186812	0.1030376010087064
0.20063186813186812	0.0026502475748706456
0.22513736263736267	0.9458860235242142
0.22513736263736267	0.8478332597051188
0.22513736263736267	0.7474459062712829
0.22513736263736267	0.6493931424521875
0.22513736263736267	0.5490057890183516
0.22513736263736267	0.4509530251992562
0.22513736263736267	0.3505656717654204
0.22513736263736267	0.2525129079463251
0.22513736263736267	0.1521255545124891
0.22513736263736267	0.05407279069339377
0.24964285714285717	0.9973085666427373
0.24964285714285717	0.8969212132089014
0.24964285714285717	0.798868449389806
0.24964285714285717	0.6984810959559701
0.24964285714285717	0.6004283321368746
0.24964285714285717	0.5000409787030388
0.24964285714285717	0.40198821488394354
0.24964285714285717	0.30160086145010756
0.24964285714285717	0.2012135080162718
0.24964285714285717	0.10316074419717625
0.24964285714285717	0.0027733907633404886
0.2761904761904762	0.9460142976788704
0.2761904761904762	0.8479615338597749
0.2761904761904762	0.747574180425939
0.2761904761904762	0.6495214166068436
0.2761904761904762	0.5491340631730077
0.2761904761904762	0.4510812993539123
0.2761904761904762	0.3506939459200764
0.2761904761904762	0.2526411821009811
0.2761904761904762	0.1522538286671451
0.2761904761904762	0.05420106484804976
0.3006959706959707	0.9974368407973934
0.3006959706959707	0.8970494873635575
0.3006959706959707	0.798996723544462
0.3006959706959707	0.6986093701106262
0.3006959706959707	0.6005566062915307
0.3006959706959707	0.5001692528576949
0.3006959706959707	0.40211648903859953
0.3006959706959707	0.30172913560476355
0.3006959706959707	0.2013417821709278
0.3006959706959707	0.10328901835183224
0.3006959706959707	0.0029016649179964826
0.3252014652014652	0.9461374408673402
0.3252014652014652	0.8480846770482448
0.3252014652014652	0.7476973236144089
0.3252014652014652	0.6496445597953134
0.3252014652014652	0.5492572063614776
0.3252014652014652	0.4512044425423821
0.3252014652014652	0.35081708910854625
0.3252014652014652	0.2527643252894509
0.3252014652014652	0.15237697185561494
0.3252014652014652	0.054324208036519606
0.3497069597069597	0.9975599839858632
0.3497069597069597	0.8971726305520273
0.3497069597069597	0.7991198667329319
0.3497069597069597	0.698732513299096
0.3497069597069597	0.6006797494800006
0.3497069597069597	0.5002923960461647
0.3497069597069597	0.4022396322270694
0.3497069597069597	0.3018522787932334
0.3497069597069597	0.20146492535939764
0.3497069597069597	0.10341216154030208
0.3497069597069597	0.0030248081064663257
0.37625457875457874	0.9462657150219962
0.37625457875457874	0.8482129512029009
0.37625457875457874	0.747825597769065
0.37625457875457874	0.6497728339499695
0.37625457875457874	0.5493854805161337
0.37625457875457874	0.4513327166970382
0.37625457875457874	0.35094536326320225
0.37625457875457874	0.2528925994441069
0.37625457875457874	0.15250524601027093
0.37625457875457874	0.0544524821911756
0.40076007326007324	0.9976882581405193
0.40076007326007324	0.8973009047066834
0.40076007326007324	0.799248140887588
0.40076007326007324	0.6988607874537521
0.40076007326007324	0.6008080236346567
0.40076007326007324	0.5004206702008208
0.40076007326007324	0.40236790638172537
0.40076007326007324	0.3019805529478894
0.40076007326007324	0.20159319951405363
0.40076007326007324	0.10354043569495808
0.40076007326007324	0.0031530822611223197
0.4252655677655678	0.946388858210466
0.4252655677655678	0.8483360943913706
0.4252655677655678	0.7479487409575347
0.4252655677655678	0.6498959771384393
0.4252655677655678	0.5495086237046034
0.4252655677655678	0.45145585988550796
0.4252655677655678	0.3510685064516721
0.4252655677655678	0.25301574263257676
0.4252655677655678	0.15262838919874078
0.4252655677655678	0.05457562537964544
0.4497710622710623	0.9978114013289892
0.4497710622710623	0.8974240478951532
0.4497710622710623	0.7993712840760577
0.4497710622710623	0.6989839306422219
0.4497710622710623	0.6009311668231264
0.4497710622710623	0.5005438133892905
0.4497710622710623	0.4024910495701952
0.4497710622710623	0.30210369613635923
0.4497710622710623	0.20171634270252348
0.4497710622710623	0.10366357888342792
0.4497710622710623	0.0032762254495921628
0.4763186813186813	0.946517132365122
0.4763186813186813	0.8484643685460267
0.4763186813186813	0.7480770151121908
0.4763186813186813	0.6500242512930954
0.4763186813186813	0.5496368978592595
0.4763186813186813	0.45158413404016406
0.4763186813186813	0.3511967806063283
0.4763186813186813	0.253144016787233
0.4763186813186813	0.152756663353397
0.4763186813186813	0.05470389953430166
0.5008241758241758	0.9979396754836451
0.5008241758241758	0.8975523220498093
0.5008241758241758	0.7994995582307138
0.5008241758241758	0.699112204796878
0.5008241758241758	0.6010594409777825
0.5008241758241758	0.5006720875439467
0.5008241758241758	0.4026193237248512
0.5008241758241758	0.30223197029101523
0.5008241758241758	0.20184461685717947
0.5008241758241758	0.10379185303808391
0.5008241758241758	0.003404499604248157
0.5253296703296703	0.9466402755535919
0.5253296703296703	0.8485875117344965
0.5253296703296703	0.7482001583006607
0.5253296703296703	0.6501473944815652
0.5253296703296703	0.5497600410477294
0.5253296703296703	0.4517072772286339
0.5253296703296703	0.35131992379479793
0.5253296703296703	0.2532671599757026
0.5253296703296703	0.15287980654186661
0.5253296703296703	0.05482704272277128
0.5518772893772893	0.9980679496383011
0.5518772893772893	0.8976805962044654
0.5518772893772893	0.7996278323853699
0.5518772893772893	0.6992404789515341
0.5518772893772893	0.6011877151324386
0.5518772893772893	0.5008003616986028
0.5518772893772893	0.4027475978795074
0.5518772893772893	0.30236024444567144
0.5518772893772893	0.2019728910118357
0.5518772893772893	0.10392012719274013
0.5518772893772893	0.003532773758904373
0.5763827838827839	0.946768549708248
0.5763827838827839	0.8487157858891526
0.5763827838827839	0.7483284324553168
0.5763827838827839	0.6502756686362213
0.5763827838827839	0.5498883152023855
0.5763827838827839	0.45183555138329
0.5763827838827839	0.35144819794945414
0.5763827838827839	0.2533954341303588
0.5763827838827839	0.15300808069652283
0.5763827838827839	0.054955316877427496
0.6008882783882783	0.998191092826771
0.6008882783882783	0.8978037393929351
0.6008882783882783	0.7997509755738397
0.6008882783882783	0.6993636221400038
0.6008882783882783	0.6013108583209084
0.6008882783882783	0.5009235048870725
0.6008882783882783	0.40287074106797727
0.6008882783882783	0.3024833876341413
0.6008882783882783	0.20209603420030553
0.6008882783882783	0.10404327038120997
0.6008882783882783	0.003655916947374216
0.6253937728937728	0.9468916928967178
0.6253937728937728	0.8488389290776224
0.6253937728937728	0.7484515756437865
0.6253937728937728	0.6503988118246911
0.6253937728937728	0.5500114583908552
0.6253937728937728	0.45195869457175974
0.6253937728937728	0.351571341137924
0.6253937728937728	0.25351857731882865
0.6253937728937728	0.15313122388499267
0.6253937728937728	0.05507846006589734
0.6519413919413919	0.9983193669814271
0.6519413919413919	0.8979320135475912
0.6519413919413919	0.7998792497284958
0.6519413919413919	0.6994918962946599
0.6519413919413919	0.6014391324755645
0.6519413919413919	0.5010517790417286
0.6519413919413919	0.40299901522263326
0.6519413919413919	0.3026116617887973
0.6519413919413919	0.20222430835496152
0.6519413919413919	0.10417154453586597
0.6519413919413919	0.00378419110203021
0.6764468864468863	0.9470199670513739
0.6764468864468863	0.8489672032322785
0.6764468864468863	0.7485798497984426
0.6764468864468863	0.6505270859793472
0.6764468864468863	0.5501397325455113
0.6764468864468863	0.45208696872641585
0.6764468864468863	0.35169961529258
0.6764468864468863	0.25364685147348465
0.6764468864468863	0.15325949803964867
0.6764468864468863	0.05520673422055333
0.7009523809523809	0.9984425101698969
0.7009523809523809	0.8980551567360611
0.7009523809523809	0.8000023929169656
0.7009523809523809	0.6996150394831298
0.7009523809523809	0.6015622756640343
0.7009523809523809	0.5011749222301984
0.7009523809523809	0.4031221584111031
0.7009523809523809	0.3027348049772671
0.7009523809523809	0.20234745154343137
0.7009523809523809	0.10429468772433581
0.7009523809523809	0.003907334290500053
0.7254578754578754	0.9471431102398438
0.7254578754578754	0.8490903464207483
0.7254578754578754	0.7487029929869125
0.7254578754578754	0.650650229167817
0.7254578754578754	0.5502628757339811
0.7254578754578754	0.4522101119148857
0.7254578754578754	0.3518227584810498
0.7254578754578754	0.2537699946619545
0.7254578754578754	0.1533826412281185
0.7254578754578754	0.055329877409023176
0.7520054945054945	0.998570784324553
0.7520054945054945	0.8981834308907172
0.7520054945054945	0.8001306670716217
0.7520054945054945	0.6997433136377859
0.7520054945054945	0.6016905498186904
0.7520054945054945	0.5013031963848545
0.7520054945054945	0.4032504325657591
0.7520054945054945	0.3028630791319231
0.7520054945054945	0.20247572569808736
0.7520054945054945	0.1044229618789918
0.7520054945054945	0.004035608445156047
0.7765109890109889	0.9472713843944998
0.7765109890109889	0.8492186205754043
0.7765109890109889	0.7488312671415684
0.7765109890109889	0.650778503322473
0.7765109890109889	0.5503911498886371
0.7765109890109889	0.4523383860695417
0.7765109890109889	0.3519510326357058
0.7765109890109889	0.2538982688166105
0.7765109890109889	0.1535109153827745
0.7765109890109889	0.05545815156367917
0.8010164835164835	0.9986939275130229
0.8010164835164835	0.8983065740791869
0.8010164835164835	0.8002538102600915
0.8010164835164835	0.6998664568262556
0.8010164835164835	0.6018136930071601
0.8010164835164835	0.5014263395733243
0.8010164835164835	0.40337357575422894
0.8010164835164835	0.30298622232039296
0.8010164835164835	0.2025988688865572
0.8010164835164835	0.10454610506746165
0.8010164835164835	0.00415875163362589
0.8275641025641025	0.9473996585491558
0.8275641025641025	0.8493468947300604
0.8275641025641025	0.7489595412962246
0.8275641025641025	0.6509067774771291
0.8275641025641025	0.5505194240432932
0.8275641025641025	0.4524666602241978
0.8275641025641025	0.35207930679036203
0.8275641025641025	0.2540265429712667
0.8275641025641025	0.15363918953743072
0.8275641025641025	0.055586425718335386
0.852069597069597	0.9988222016676789
0.852069597069597	0.898434848233843
0.852069597069597	0.8003820844147476
0.852069597069597	0.6999947309809117
0.852069597069597	0.6019419671618162
0.852069597069597	0.5015546137279804
0.852069597069597	0.40350184990888516
0.852069597069597	0.3031144964750492
0.852069597069597	0.20272714304121342
0.852069597069597	0.10467437922211786
0.852069597069597	0.004287025788282106
0.8765750915750915	0.9475228017376256
0.8765750915750915	0.8494700379185303
0.8765750915750915	0.7490826844846944
0.8765750915750915	0.651029920665599
0.8765750915750915	0.5506425672317631
0.8765750915750915	0.45258980341266764
0.8765750915750915	0.35220244997883166
0.8765750915750915	0.2541496861597363
0.8765750915750915	0.15376233272590034
0.8765750915750915	0.05570956890680501
0.901080586080586	0.9989453448561487
0.901080586080586	0.8985579914223129
0.901080586080586	0.8005052276032174
0.901080586080586	0.7001178741693815
0.901080586080586	0.6020651103502861
0.901080586080586	0.5016777569164502
0.901080586080586	0.4036249930973548
0.901080586080586	0.3032376396635188
0.901080586080586	0.20285028622968304
0.901080586080586	0.10479752241058748
0.901080586080586	0.004410168976751727
0.9276282051282051	0.9476510758922817
0.9276282051282051	0.8495983120731864
0.9276282051282051	0.7492109586393505
0.9276282051282051	0.651158194820255
0.9276282051282051	0.5507708413864192
0.9276282051282051	0.45271807756732374
0.9276282051282051	0.35233072413348787
0.9276282051282051	0.25427796031439254
0.9276282051282051	0.15389060688055656
0.9276282051282051	0.05583784306146122
0.9521336996336995	0.9990736190108047
0.9521336996336995	0.898686265576969
0.9521336996336995	0.8006335017578735
0.9521336996336995	0.7002461483240376
0.9521336996336995	0.6021933845049422
0.9521336996336995	0.5018060310711063
0.9521336996336995	0.403753267252011
0.9521336996336995	0.303365913818175
0.9521336996336995	0.20297856038433926
0.9521336996336995	0.1049257965652437
0.9521336996336995	0.004538443131407943
0.9766391941391941	0.9477742190807515
0.9766391941391941	0.8497214552616561
0.9766391941391941	0.7493341018278202
0.9766391941391941	0.6512813380087248
0.9766391941391941	0.5508939845748889
0.9766391941391941	0.45284122075579347
0.9766391941391941	0.3524538673219577
0.9766391941391941	0.2544011035028624
0.9766391941391941	0.1540137500690264
0.9766391941391941	0.055960986249931066
1.0011446886446886	0.9991967621992746
1.0011446886446886	0.8988094087654387
1.0011446886446886	0.8007566449463432
1.0011446886446886	0.7003692915125074
1.0011446886446886	0.6023165276934119
1.0011446886446886	0.5019291742595761
1.0011446886446886	0.40387641044048084
1.0011446886446886	0.30348905700664486
1.0011446886446886	0.2031017035728091
1.0011446886446886	0.10504893975371354
1.0011446886446886	0.004661586319877786
